2,2,1~4,2,1
0,1,1~1,1,1
3,3,1~3,6,1
7,6,1~7,6,5
4,6,1~4,7,1
8,5,1~8,7,1
5,7,1~5,9,1
1,5,1~2,5,1
6,5,1~6,7,1
4,0,1~7,0,1
6,9,1~8,9,1
2,0,1~3,0,1
7,7,1~7,8,1
9,5,1~9,8,1
9,0,1~9,0,3
5,5,2~5,7,2
0,4,1~0,4,3
9,7,2~9,7,4
0,3,1~1,3,1
3,4,2~4,4,2
5,1,1~7,1,1
0,0,2~2,0,2
4,9,2~5,9,2
4,3,1~6,3,1
4,2,2~6,2,2
6,5,2~6,6,2
0,9,1~1,9,1
3,5,2~3,9,2
6,2,3~8,2,3
0,2,2~0,3,2
2,2,2~2,5,2
6,4,3~6,7,3
3,1,2~6,1,2
8,7,2~8,9,2
5,9,3~6,9,3
3,0,3~3,2,3
4,1,3~4,1,5
7,2,4~9,2,4
5,3,2~7,3,2
7,1,2~8,1,2
7,9,3~9,9,3
7,8,3~9,8,3
0,4,4~0,6,4
6,6,4~6,8,4
3,8,3~3,9,3
7,1,5~7,4,5
9,0,4~9,0,7
2,5,3~2,8,3
8,7,3~8,7,5
3,5,3~3,7,3
8,1,3~9,1,3
5,0,3~5,1,3
5,3,3~5,5,3
6,1,6~7,1,6
0,4,5~3,4,5
1,4,6~1,6,6
5,5,4~6,5,4
4,1,6~4,4,6
0,4,6~0,7,6
8,2,5~8,5,5
2,7,4~2,9,4
9,2,5~9,4,5
6,6,6~9,6,6
7,2,6~7,3,6
0,6,7~0,6,9
3,5,4~4,5,4
0,5,7~1,5,7
1,8,5~3,8,5
9,0,8~9,0,11
8,4,7~8,6,7
4,0,7~4,3,7
5,0,4~6,0,4
3,4,7~6,4,7
8,1,6~8,3,6
4,5,5~5,5,5
9,1,6~9,2,6
4,1,8~6,1,8
5,0,5~8,0,5
6,4,8~6,7,8
0,4,8~0,5,8
3,4,8~4,4,8
0,8,6~2,8,6
5,2,7~7,2,7
7,6,7~7,6,9
9,4,7~9,7,7
6,4,9~6,6,9
6,0,6~8,0,6
9,1,7~9,3,7
9,5,8~9,6,8
2,4,9~4,4,9
6,1,9~8,1,9
6,3,7~8,3,7
6,5,10~6,5,10
2,2,10~2,4,10
5,7,9~7,7,9
4,6,10~6,6,10
2,1,9~4,1,9
4,7,10~6,7,10
7,0,12~9,0,12
4,2,8~7,2,8
4,4,10~5,4,10
1,8,7~4,8,7
0,6,10~0,8,10
3,4,10~3,4,10
5,6,11~6,6,11
7,7,10~7,9,10
0,7,11~2,7,11
8,2,8~8,3,8
5,5,11~7,5,11
0,8,11~1,8,11
2,1,10~3,1,10
0,2,11~2,2,11
8,3,9~8,5,9
2,3,11~4,3,11
5,0,9~5,2,9
6,8,11~8,8,11
8,0,13~9,0,13
8,2,9~8,2,12
7,4,10~8,4,10
3,7,8~3,9,8
5,4,12~5,5,12
9,0,14~9,0,16
0,3,12~3,3,12
8,4,11~8,5,11
3,8,9~5,8,9
8,8,12~8,9,12
0,9,9~3,9,9
0,3,13~0,6,13
4,2,10~7,2,10
3,1,11~7,1,11
8,6,13~8,8,13
3,2,11~5,2,11
2,3,13~2,6,13
5,1,12~6,1,12
2,6,14~3,6,14
2,9,10~4,9,10
7,9,13~8,9,13
0,5,14~3,5,14
2,8,10~5,8,10
7,2,11~7,3,11
3,2,12~5,2,12
1,3,14~3,3,14
1,9,11~3,9,11
2,8,11~2,8,13
4,9,11~6,9,11
0,6,15~2,6,15
3,0,13~3,2,13
7,2,13~9,2,13
2,1,15~2,4,15
3,6,15~3,7,15
0,0,14~3,0,14
3,3,15~6,3,15
0,4,16~0,7,16
9,1,14~9,4,14
1,1,16~3,1,16
0,2,17~0,4,17
7,0,14~7,2,14
3,6,16~5,6,16
1,9,12~1,9,12
2,7,16~3,7,16
5,3,16~8,3,16
3,1,17~5,1,17
4,9,12~6,9,12
9,3,15~9,3,18
2,0,17~2,1,17
9,0,17~9,1,17
0,1,17~1,1,17
2,2,16~5,2,16
5,0,18~5,2,18
0,5,17~0,7,17
8,0,18~9,0,18
1,7,17~2,7,17
4,9,13~4,9,13
0,7,18~2,7,18
2,3,17~5,3,17
0,3,18~0,5,18
2,8,14~3,8,14
1,7,19~2,7,19
2,3,18~2,5,18
8,1,17~8,3,17
6,2,17~6,5,17
5,7,13~5,9,13
1,2,17~2,2,17
4,3,18~4,3,20
6,4,18~6,5,18
1,8,15~2,8,15
8,1,18~8,1,21
5,0,19~5,2,19
0,4,19~0,6,19
4,7,14~8,7,14
9,1,19~9,4,19
5,4,19~7,4,19
0,3,19~0,3,21
2,0,18~2,2,18
3,3,18~3,6,18
0,6,20~0,6,22
8,2,18~8,3,18
5,6,17~5,9,17
1,4,19~3,4,19
1,3,19~3,3,19
2,6,19~3,6,19
4,2,20~7,2,20
4,1,20~6,1,20
2,1,19~2,1,19
1,7,20~1,9,20
3,9,18~5,9,18
2,0,19~4,0,19
2,5,19~4,5,19
3,4,20~4,4,20
3,2,21~6,2,21
0,7,21~2,7,21
4,1,21~7,1,21
8,6,15~8,8,15
1,4,20~1,4,20
4,4,21~4,6,21
1,0,20~3,0,20
0,6,23~0,8,23
6,8,16~9,8,16
3,1,22~5,1,22
3,9,19~4,9,19
1,9,21~2,9,21
8,7,16~8,7,18
6,1,22~6,3,22
3,5,22~4,5,22
6,7,17~6,9,17
2,5,22~2,8,22
7,8,17~7,8,19
8,8,17~8,9,17
6,3,23~8,3,23
3,7,18~7,7,18
0,1,23~3,1,23
0,4,24~0,6,24
1,3,21~1,4,21
7,9,18~8,9,18
6,2,23~8,2,23
5,0,23~5,2,23
3,4,23~3,5,23
2,5,23~2,7,23
4,5,23~4,6,23
8,2,24~8,5,24
5,4,20~5,7,20
7,0,24~7,3,24
0,2,25~0,4,25
0,5,25~2,5,25
1,1,24~1,1,26
2,7,24~3,7,24
6,7,19~6,9,19
7,2,25~8,2,25
6,5,20~6,7,20
3,7,25~3,9,25
4,5,24~4,5,26
0,0,26~0,3,26
7,3,25~7,5,25
2,6,24~4,6,24
5,8,20~7,8,20
7,0,25~7,0,28
5,2,26~7,2,26
0,5,26~2,5,26
5,5,21~5,5,24
7,4,26~7,7,26
5,8,21~5,8,24
0,5,27~0,7,27
6,3,24~6,5,24
4,7,21~6,7,21
6,4,25~6,6,25
7,8,21~7,8,24
7,2,27~7,4,27
1,1,27~2,1,27
3,4,25~3,6,25
7,5,27~9,5,27
6,3,28~8,3,28
4,2,27~6,2,27
0,5,28~1,5,28
4,5,27~4,5,28
2,4,27~2,6,27
0,7,28~1,7,28
7,6,27~9,6,27
1,1,28~1,1,29
7,0,29~7,0,31
6,4,26~6,6,26
6,0,28~6,2,28
2,6,28~2,9,28
5,2,28~5,4,28
7,5,28~9,5,28
8,2,29~8,3,29
1,7,29~1,7,31
7,8,25~7,9,25
0,8,29~2,8,29
0,1,30~1,1,30
2,5,29~2,7,29
7,9,26~9,9,26
1,9,29~2,9,29
0,1,31~0,3,31
9,5,29~9,6,29
5,2,29~5,4,29
6,0,29~6,1,29
0,5,30~2,5,30
6,6,28~8,6,28
0,1,32~0,1,34
2,7,30~3,7,30
0,6,30~0,8,30
8,9,27~9,9,27
2,9,30~3,9,30
2,2,30~5,2,30
3,2,31~3,2,32
5,4,30~7,4,30
7,5,29~7,7,29
0,5,31~0,5,32
3,5,31~3,7,31
9,2,30~9,5,30
0,7,31~0,9,31
7,7,30~7,9,30
0,1,35~0,1,36
7,8,31~9,8,31
7,4,31~7,6,31
5,1,31~5,3,31
8,6,32~8,8,32
0,1,37~0,2,37
3,0,33~3,2,33
9,2,31~9,3,31
4,3,32~7,3,32
0,5,33~0,5,33
3,0,34~3,0,36
7,9,31~7,9,33
7,3,33~7,5,33
2,3,33~4,3,33
5,8,33~8,8,33
7,4,34~7,7,34
4,3,34~4,5,34
5,7,34~5,9,34
6,6,34~6,9,34
4,8,35~7,8,35
8,5,34~8,9,34
3,0,37~5,0,37
1,8,36~4,8,36
7,5,35~8,5,35
3,5,35~5,5,35
5,9,35~8,9,35
8,9,36~8,9,37
4,5,36~4,7,36
4,8,37~5,8,37
6,5,35~6,6,35
7,8,36~8,8,36
4,7,38~4,9,38
8,3,36~8,7,36
3,8,37~3,9,37
5,8,38~6,8,38
5,3,37~8,3,37
2,8,37~2,9,37
7,6,37~9,6,37
4,8,39~4,8,40
5,9,36~5,9,36
6,8,39~6,9,39
5,3,38~5,3,40
8,4,38~8,7,38
4,8,41~4,8,43
1,8,38~2,8,38
7,1,38~7,4,38
5,7,39~8,7,39
6,7,40~8,7,40
5,2,39~7,2,39
5,4,39~7,4,39
6,6,41~6,8,41
5,6,40~5,7,40
2,4,40~5,4,40
6,4,40~6,4,43
2,3,41~2,6,41
7,4,40~7,6,40
4,3,41~7,3,41
7,0,42~7,3,42
6,7,42~6,8,42
7,6,41~9,6,41
3,4,41~3,4,43
8,4,42~8,7,42
7,4,42~7,6,42
2,5,42~2,7,42
5,3,42~5,4,42
2,6,43~4,6,43
9,3,42~9,6,42
5,8,43~7,8,43
5,1,43~8,1,43
8,4,43~8,6,43
6,3,43~8,3,43
9,6,43~9,9,43
5,7,44~5,8,44
7,4,43~7,6,43
2,1,44~5,1,44
1,5,43~3,5,43
8,5,44~8,7,44
5,2,43~5,3,43
3,5,44~4,5,44
3,4,44~5,4,44
6,0,44~6,2,44
6,7,45~8,7,45
8,8,44~9,8,44
7,1,44~9,1,44
3,6,44~5,6,44
5,3,44~8,3,44
2,4,44~2,6,44
7,9,44~9,9,44
4,4,45~4,6,45
6,8,45~9,8,45
1,4,44~1,6,44
3,5,45~3,8,45
2,1,45~5,1,45
5,8,45~5,9,45
5,4,45~5,6,45
3,2,45~3,4,45
6,0,45~7,0,45
5,1,46~5,1,47
1,6,45~1,9,45
3,6,46~3,8,46
5,4,46~6,4,46
5,5,46~7,5,46
8,7,46~8,9,46
7,5,47~9,5,47
2,0,46~2,2,46
3,4,46~4,4,46
7,0,46~9,0,46
3,1,46~3,2,46
6,8,46~6,9,46
8,4,48~8,6,48
6,0,47~8,0,47
1,3,46~4,3,46
6,8,47~6,8,50
4,4,47~4,7,47
6,4,47~6,6,47
6,0,48~6,2,48
7,0,48~7,0,50
1,9,46~1,9,48
4,2,47~4,3,47
0,0,47~2,0,47
8,7,47~8,9,47
2,3,47~2,6,47
4,6,48~4,7,48
2,2,47~2,2,49
7,6,49~9,6,49
1,2,47~1,3,47
1,1,48~1,3,48
7,4,50~7,7,50
8,8,48~8,8,48
6,1,49~6,2,49
1,0,48~3,0,48
9,6,50~9,8,50
6,9,48~9,9,48
4,7,49~4,7,50
1,7,49~1,9,49
9,7,51~9,9,51
7,0,51~9,0,51
2,3,48~2,6,48
6,1,50~7,1,50
5,8,51~6,8,51
7,0,52~7,0,54
7,5,51~8,5,51
1,0,49~2,0,49
6,2,50~9,2,50
2,3,49~4,3,49
6,7,51~8,7,51
2,4,49~2,5,49
4,1,51~6,1,51
1,9,50~2,9,50
0,6,49~2,6,49
6,0,52~6,2,52
0,3,50~2,3,50
3,1,50~3,5,50
2,0,50~3,0,50
8,0,52~8,2,52
2,4,50~2,6,50
2,1,51~3,1,51
3,4,51~5,4,51
1,2,51~1,4,51
9,1,51~9,3,51
0,6,50~0,8,50
2,9,51~2,9,53
4,0,52~4,2,52
0,7,51~0,9,51
2,5,51~2,8,51
5,4,52~7,4,52
2,1,52~2,1,54
9,2,52~9,4,52
2,4,52~3,4,52
7,0,55~7,2,55
4,3,52~4,5,52
9,1,52~9,1,55
1,8,52~3,8,52
6,2,56~9,2,56
7,0,56~9,0,56
3,3,53~3,5,53
6,2,57~8,2,57
7,1,56~8,1,56
1,4,52~1,5,52
0,6,52~0,8,52
2,2,53~4,2,53
6,0,57~9,0,57
2,8,53~4,8,53
9,4,53~9,6,53
4,3,53~4,4,53
1,3,54~3,3,54
0,6,53~3,6,53
0,3,55~1,3,55
2,9,54~4,9,54
9,4,54~9,6,54
3,3,55~3,4,55
2,3,55~2,4,55
0,7,53~2,7,53
6,0,58~8,0,58
0,8,54~2,8,54
9,6,55~9,8,55
4,4,54~4,5,54
8,2,58~8,2,58
6,7,56~9,7,56
3,4,56~6,4,56
0,6,55~0,8,55
8,6,56~9,6,56
6,1,57~9,1,57
0,0,56~0,3,56
5,2,57~5,4,57
9,3,55~9,5,55
1,1,56~1,4,56
1,6,55~1,9,55
4,0,59~6,0,59
3,3,57~3,4,57
9,5,56~9,5,57
3,5,55~6,5,55
9,0,58~9,2,58
7,0,59~7,1,59
6,7,57~9,7,57
6,0,60~6,0,62
0,7,56~0,9,56
4,5,56~4,6,56
6,4,57~8,4,57
3,1,58~3,4,58
2,1,59~5,1,59
0,8,57~2,8,57
4,4,57~4,7,57
5,5,56~8,5,56
2,3,59~3,3,59
6,5,57~6,6,57
0,9,57~1,9,57
6,1,58~6,4,58
7,7,58~9,7,58
6,5,58~8,5,58
5,5,57~5,7,57
3,2,60~3,4,60
4,5,58~4,5,60
3,0,63~6,0,63
5,5,59~8,5,59
2,3,60~2,6,60
4,0,64~4,1,64
3,7,59~7,7,59
1,3,61~2,3,61
7,4,60~7,5,60
9,7,59~9,7,60
6,0,64~6,3,64
3,1,65~5,1,65
2,2,61~4,2,61
6,6,60~6,9,60
6,4,61~8,4,61
6,0,65~9,0,65
0,5,61~2,5,61
4,5,61~6,5,61
9,6,61~9,9,61
5,0,66~5,2,66
1,7,60~4,7,60
5,5,62~5,6,62
7,5,61~7,7,61
9,6,62~9,6,64
4,2,62~4,3,62
4,0,66~4,1,66
5,8,61~7,8,61
2,2,62~2,4,62
6,1,65~8,1,65
5,9,61~7,9,61
9,8,62~9,9,62
3,7,61~5,7,61
2,0,67~4,0,67
5,0,67~7,0,67
7,6,62~7,8,62
0,5,62~0,6,62
1,5,62~1,7,62
3,6,63~5,6,63
2,2,63~4,2,63
7,4,62~9,4,62
2,3,63~4,3,63
3,8,62~5,8,62
9,9,63~9,9,66
0,4,63~0,7,63
9,2,63~9,5,63
4,9,62~5,9,62
5,4,63~8,4,63
5,7,63~8,7,63
2,3,64~2,5,64
8,7,64~8,9,64
5,2,67~5,4,67
3,8,63~5,8,63
4,9,63~5,9,63
9,8,67~9,9,67
8,1,66~8,4,66
9,3,64~9,4,64
0,3,64~0,5,64
3,7,64~5,7,64
2,5,65~2,5,68
7,7,64~7,9,64
6,4,64~6,4,68
5,2,68~5,4,68
5,8,64~5,8,66
8,1,67~9,1,67
7,6,65~7,8,65
3,9,64~6,9,64
4,6,65~4,8,65
0,4,65~0,7,65
2,2,69~5,2,69
0,3,66~0,5,66
6,2,67~9,2,67
8,3,67~8,5,67
7,5,66~7,8,66
5,2,70~5,2,72
4,0,70~4,2,70
7,1,68~9,1,68
0,7,66~0,9,66
8,3,68~8,5,68
2,7,66~5,7,66
5,3,69~5,3,71
8,4,69~8,6,69
6,6,65~6,9,65
3,6,66~4,6,66
2,0,70~2,2,70
2,9,65~4,9,65
3,7,67~4,7,67
3,1,71~6,1,71
6,2,68~8,2,68
0,6,67~0,9,67
3,4,67~3,6,67
3,4,68~3,4,69
1,6,68~3,6,68
5,0,73~5,2,73
7,2,69~9,2,69
4,4,69~7,4,69
7,5,70~9,5,70
9,1,70~9,3,70
3,6,69~5,6,69
0,0,71~3,0,71
4,4,70~5,4,70
4,2,71~4,4,71
3,4,70~3,4,72
6,1,72~7,1,72
8,4,71~8,6,71
2,6,70~3,6,70
1,6,69~1,9,69
6,1,73~6,2,73
1,2,72~4,2,72
8,1,70~8,3,70
5,6,70~5,9,70
3,6,71~3,8,71
9,1,71~9,2,71
1,0,72~4,0,72
2,5,71~2,7,71
3,7,72~5,7,72
8,6,72~8,8,72
0,5,72~2,5,72
2,4,73~5,4,73
3,1,73~3,3,73
9,0,72~9,3,72
2,2,73~2,3,73
9,2,73~9,3,73
1,2,73~1,4,73
4,6,71~6,6,71
1,5,73~1,5,74
8,2,71~8,2,72
1,0,73~2,0,73
3,0,74~3,2,74
5,8,71~7,8,71
6,4,72~6,7,72
4,0,73~4,1,73
5,3,74~5,5,74
8,6,73~8,6,75
0,1,75~3,1,75
3,3,74~4,3,74
8,8,73~8,9,73
1,6,72~4,6,72
2,0,74~2,0,74
2,2,75~4,2,75
2,6,73~2,9,73
0,0,76~0,3,76
6,9,74~8,9,74
5,6,73~7,6,73
8,6,76~8,8,76
2,1,76~2,4,76
3,4,75~5,4,75
6,4,73~6,5,73
7,5,74~7,8,74
1,1,77~3,1,77
1,4,77~3,4,77
1,7,74~4,7,74
4,0,76~4,2,76
2,6,74~4,6,74
4,3,76~4,4,76
3,5,75~3,6,75
7,5,75~9,5,75
4,6,75~4,8,75
4,0,77~4,1,77
0,7,75~1,7,75
3,3,77~6,3,77
4,6,76~6,6,76
4,7,76~5,7,76
2,6,75~2,9,75
9,3,76~9,6,76
2,5,76~2,7,76
3,3,78~6,3,78
7,3,76~7,6,76
6,4,77~8,4,77
9,3,77~9,4,77
0,4,76~0,7,76
1,6,76~1,9,76
2,8,76~3,8,76
1,6,77~1,8,77
6,6,77~6,9,77
8,1,78~8,4,78
9,5,77~9,7,77
4,3,79~7,3,79
0,9,77~2,9,77
1,6,78~1,6,80
4,7,78~6,7,78
9,4,78~9,6,78
5,3,80~7,3,80
8,2,79~8,3,79
1,8,78~3,8,78
6,8,78~7,8,78
4,6,78~6,6,78
0,2,77~0,5,77
3,3,80~4,3,80
6,4,78~6,4,78
0,7,78~2,7,78
6,5,79~6,6,79
6,9,78~8,9,78
6,7,79~8,7,79
4,5,79~4,9,79
9,5,79~9,7,79
0,6,79~0,7,79
9,4,80~9,5,80
6,2,80~8,2,80
0,2,78~3,2,78
7,2,81~7,3,81
0,3,78~0,3,79
1,1,79~1,3,79
0,6,81~2,6,81
0,5,78~0,5,81
2,8,80~4,8,80
1,8,81~3,8,81
2,6,82~4,6,82
5,5,80~6,5,80
2,9,80~5,9,80
8,6,80~8,9,80
8,1,81~8,2,81
2,4,83~2,7,83
6,6,81~8,6,81
1,5,82~1,8,82
9,3,81~9,4,81
6,5,81~8,5,81
6,1,81~6,2,81
8,0,82~8,2,82
2,6,84~2,9,84
3,4,83~3,7,83
3,8,82~3,9,82
4,7,81~4,9,81
5,9,81~6,9,81
1,2,80~3,2,80
2,3,84~2,5,84
8,3,82~8,6,82
8,2,83~9,2,83
9,3,82~9,5,82
3,2,81~3,2,84
0,2,81~2,2,81
0,4,82~0,7,82
1,4,85~2,4,85
6,0,82~6,2,82
6,5,82~6,8,82
0,7,83~0,8,83
6,5,83~7,5,83
9,2,84~9,2,84
5,6,83~7,6,83
5,0,83~7,0,83
0,0,82~0,3,82
0,4,86~2,4,86
7,6,84~7,6,86
4,7,83~6,7,83
1,1,82~1,2,82
4,2,83~6,2,83
0,0,83~2,0,83
6,0,84~6,0,87
1,1,83~4,1,83
0,6,84~0,8,84
4,7,84~4,9,84
1,3,87~1,5,87
0,3,87~0,4,87
0,1,83~0,2,83
4,0,84~5,0,84
6,7,84~8,7,84
5,2,84~7,2,84
2,7,85~4,7,85
0,1,84~2,1,84
4,8,85~4,8,88
5,6,84~5,9,84
0,1,85~0,1,87
3,2,85~5,2,85
5,9,85~7,9,85
5,1,86~5,2,86
5,9,86~7,9,86
5,4,85~5,7,85
7,0,85~7,3,85
5,8,85~8,8,85
5,8,86~5,8,88
7,1,86~7,3,86
4,2,86~4,5,86
3,1,86~3,4,86
6,2,87~8,2,87
3,4,87~3,6,87
5,1,87~5,3,87
8,7,86~8,8,86
7,1,87~9,1,87
8,7,87~8,7,90
4,3,87~4,3,89
3,8,89~4,8,89
7,7,86~7,8,86
9,1,88~9,1,88
6,7,86~6,8,86
3,0,87~3,1,87
7,0,88~7,2,88
7,1,89~7,3,89
6,7,87~6,8,87
0,6,88~3,6,88
6,2,88~6,4,88
9,1,89~9,1,91
2,4,89~2,6,89
5,1,88~5,4,88
2,0,88~4,0,88
8,8,87~8,9,87
3,0,89~6,0,89
1,8,90~4,8,90
4,1,90~4,3,90
1,0,89~2,0,89
0,6,89~0,9,89
8,6,91~8,9,91
4,1,91~6,1,91
3,6,89~6,6,89
7,0,90~7,1,90
4,2,91~6,2,91
1,6,90~4,6,90
3,0,90~6,0,90
5,6,90~5,8,90
6,4,89~6,4,91
2,3,90~2,5,90
6,5,90~6,8,90
0,5,90~0,7,90
5,0,91~7,0,91
3,5,91~3,7,91
2,4,91~4,4,91
4,0,92~6,0,92
1,4,91~1,6,91
6,1,92~8,1,92
5,2,92~8,2,92
5,5,91~5,7,91
5,2,93~8,2,93
6,6,91~7,6,91
2,7,92~3,7,92
1,3,92~1,6,92
2,2,94~5,2,94
3,5,92~5,5,92
0,3,93~2,3,93
0,4,91~0,8,91
6,4,92~6,5,92
0,4,93~3,4,93
3,7,93~5,7,93
6,6,92~9,6,92
0,6,93~2,6,93
3,1,95~3,3,95
5,4,93~6,4,93
0,3,94~0,5,94
2,0,95~2,2,95
5,5,93~7,5,93
6,2,94~8,2,94
3,7,94~4,7,94
0,8,92~2,8,92
4,4,94~6,4,94
7,2,95~8,2,95
8,6,93~8,8,93
0,4,95~0,4,96
8,1,96~8,4,96
4,6,93~6,6,93
1,6,94~3,6,94
0,2,96~3,2,96
6,5,94~6,5,94
5,6,94~5,9,94
7,7,94~9,7,94
4,5,95~4,8,95
2,8,93~2,9,93
6,3,97~8,3,97
0,4,97~0,7,97
2,8,94~2,8,96
9,6,95~9,8,95
0,2,97~1,2,97
3,8,96~5,8,96
2,4,95~2,7,95
3,2,97~5,2,97
1,5,95~1,6,95
2,0,97~2,2,97
6,7,95~8,7,95
3,9,95~5,9,95
3,8,97~3,8,100
9,6,96~9,8,96
0,7,98~0,9,98
5,3,98~7,3,98
8,0,98~8,3,98
2,2,98~4,2,98
1,1,98~1,2,98
3,6,96~5,6,96
7,7,96~7,8,96
2,1,98~5,1,98
8,6,96~8,8,96
3,3,99~5,3,99
0,8,99~2,8,99
6,6,96~6,8,96
3,3,100~4,3,100
1,1,99~1,2,99
2,3,96~2,4,96
8,2,99~9,2,99
0,6,98~1,6,98
9,7,97~9,8,97
7,1,99~7,3,99
2,1,99~2,2,99
0,9,99~0,9,102
1,3,99~1,6,99
8,6,97~8,9,97
4,8,97~7,8,97
9,7,98~9,8,98
3,1,99~5,1,99
8,2,100~8,4,100
6,6,97~6,7,97
7,9,98~8,9,98
2,3,97~2,5,97
4,1,100~6,1,100
8,8,98~8,8,98
6,3,101~8,3,101
0,3,100~1,3,100
6,6,98~8,6,98
0,1,101~0,3,101
1,5,100~1,7,100
8,9,99~8,9,100
1,2,100~4,2,100
7,0,100~7,2,100
2,5,98~2,7,98
7,0,101~7,0,104
8,6,99~8,8,99
2,6,99~2,6,99
1,4,100~3,4,100
9,8,99~9,9,99
8,2,101~8,2,103
2,5,99~4,5,99
0,1,102~2,1,102
4,3,102~6,3,102
6,6,99~6,8,99
4,4,100~4,6,100
7,4,99~7,7,99
7,4,100~7,6,100
0,6,101~2,6,101
3,2,101~6,2,101
0,8,103~0,9,103
8,9,101~9,9,101
8,7,100~9,7,100
7,6,101~7,6,103
5,5,101~7,5,101
8,1,104~8,3,104
3,0,102~3,2,102
5,8,100~7,8,100
0,1,103~0,4,103
6,5,102~8,5,102
6,0,105~9,0,105
3,8,101~5,8,101
1,1,103~2,1,103
6,7,101~6,9,101
7,1,105~8,1,105
0,4,104~0,7,104
2,6,102~2,7,102
4,6,102~4,8,102
3,7,102~3,8,102
1,1,104~1,3,104
5,0,106~8,0,106
7,3,105~9,3,105
7,1,106~7,2,106
4,3,103~4,7,103
3,9,102~6,9,102
1,6,103~3,6,103
7,2,107~9,2,107
2,9,103~4,9,103
2,3,104~4,3,104
4,4,104~6,4,104
1,1,105~1,4,105
3,9,104~3,9,105
4,6,104~4,8,104
0,5,105~0,7,105
8,0,107~8,0,110
3,5,104~3,6,104
9,1,108~9,4,108
4,5,104~4,5,106
1,2,106~2,2,106
0,3,106~3,3,106
0,4,106~1,4,106
3,8,105~6,8,105
0,0,107~0,3,107
1,9,104~2,9,104
0,5,106~1,5,106
5,2,108~7,2,108
1,1,106~4,1,106
0,6,106~2,6,106
7,4,109~9,4,109
0,3,108~4,3,108
3,5,105~3,6,105
6,8,106~7,8,106
1,0,109~1,3,109
8,1,109~9,1,109
7,4,110~8,4,110
9,3,110~9,7,110
5,2,109~5,5,109
7,7,107~7,9,107
0,6,107~2,6,107
9,6,111~9,7,111
5,4,110~6,4,110
4,7,106~4,9,106
8,1,110~8,2,110
2,4,108~2,7,108
3,1,109~3,3,109
0,1,110~2,1,110
4,7,108~8,7,108
9,1,110~9,2,110
7,6,109~7,7,109
5,6,109~5,7,109
5,0,110~5,3,110
7,3,111~9,3,111
4,9,107~5,9,107
7,9,108~9,9,108
1,7,109~3,7,109
7,4,111~7,6,111
8,2,111~9,2,111
0,7,110~2,7,110
8,7,109~8,7,109
0,1,111~1,1,111
2,6,109~4,6,109
6,1,111~8,1,111
2,2,109~2,5,109
4,8,108~4,9,108
5,3,111~5,5,111
3,7,110~6,7,110
1,5,111~1,7,111
6,3,112~8,3,112
6,5,112~8,5,112
1,4,110~2,4,110
5,6,111~5,7,111
6,3,113~9,3,113
7,9,109~9,9,109
3,7,111~3,8,111
7,8,110~7,9,110
0,5,111~0,8,111
2,6,111~2,7,111
1,2,110~3,2,110
7,1,112~9,1,112
1,3,110~4,3,110
1,5,112~1,8,112
4,4,111~4,7,111
5,6,112~7,6,112
5,0,112~5,3,112
9,1,114~9,5,114
3,1,111~3,4,111
6,7,111~6,9,111
5,1,113~5,3,113
1,2,111~2,2,111
0,4,112~0,7,112
7,3,114~7,6,114
1,6,113~1,7,113
6,6,113~6,7,113
3,6,113~5,6,113
8,3,114~8,5,114
7,9,111~9,9,111
3,8,112~3,9,112
4,7,112~4,9,112
2,2,112~2,2,114
8,9,112~8,9,113
7,3,115~7,5,115
0,6,113~0,7,113
9,0,115~9,2,115
9,4,115~9,6,115
5,2,114~7,2,114
6,8,112~6,8,114
3,0,113~6,0,113
9,1,116~9,3,116
8,3,115~8,7,115
0,2,113~0,4,113
1,0,114~3,0,114
4,2,115~5,2,115
0,7,114~2,7,114
8,3,116~8,3,119
6,2,115~6,4,115
3,8,113~5,8,113
7,9,114~9,9,114
0,8,114~3,8,114
5,7,114~5,9,114
9,7,115~9,9,115
2,0,115~2,0,118
7,8,115~7,9,115
0,2,114~1,2,114
3,9,115~6,9,115
8,7,116~8,9,116
3,0,115~3,1,115
4,2,116~4,4,116
0,7,115~1,7,115
6,1,116~6,3,116
5,2,116~5,3,116
0,6,116~0,8,116
5,2,117~5,4,117
3,0,116~5,0,116
4,8,115~5,8,115
1,8,115~1,9,115
0,1,115~0,4,115
5,4,118~5,7,118
0,7,117~3,7,117
4,2,118~7,2,118
4,4,119~7,4,119
2,6,118~2,9,118
0,7,118~0,9,118
5,7,119~5,7,120
1,6,118~1,8,118
1,4,119~1,6,119
3,7,118~3,9,118
5,5,119~8,5,119
2,3,119~2,6,119
5,6,121~5,7,121
6,0,119~6,2,119
5,4,120~8,4,120
7,5,120~9,5,120
0,5,119~0,7,119
6,1,120~8,1,120
2,8,119~2,9,119
1,7,119~3,7,119
8,1,121~8,1,123
6,4,121~6,4,121
4,6,122~6,6,122
1,3,120~3,3,120
9,2,121~9,5,121
7,0,121~7,2,121
2,9,120~4,9,120
3,3,121~6,3,121
5,7,122~7,7,122
2,8,120~2,8,122
4,1,122~4,4,122
1,7,120~1,9,120
2,5,120~2,7,120
8,4,122~9,4,122
3,3,122~3,7,122
2,9,121~5,9,121
2,0,121~2,3,121
7,2,122~8,2,122
4,9,122~6,9,122
6,5,122~9,5,122
7,7,123~9,7,123
1,9,122~3,9,122
2,3,122~2,6,122
5,4,123~5,7,123
0,3,123~2,3,123
1,8,121~1,8,122
7,1,123~7,4,123
2,1,122~2,2,122
3,7,123~3,7,125
5,6,124~5,7,124
0,7,121~1,7,121
4,1,123~4,4,123
8,5,123~9,5,123
6,8,123~6,9,123
5,3,124~5,4,124
1,9,123~3,9,123
3,2,124~6,2,124
6,3,124~8,3,124
5,6,125~7,6,125
2,5,124~5,5,124
1,3,124~1,3,125
2,1,124~5,1,124
8,4,124~8,5,124
9,5,124~9,7,124
4,8,124~6,8,124
2,1,125~2,3,125
4,4,125~4,6,125
2,7,124~2,9,124
2,7,126~4,7,126
2,5,126~4,5,126
5,1,125~7,1,125
2,3,126~3,3,126
0,1,126~2,1,126
1,2,126~2,2,126
2,6,127~2,8,127
1,8,128~3,8,128
2,5,127~5,5,127
6,7,125~6,9,125
3,3,127~4,3,127
5,3,128~5,5,128
0,0,127~0,3,127
4,9,126~6,9,126
7,1,126~7,1,128
4,5,128~4,8,128
0,2,128~0,4,128
1,1,127~1,2,127
2,4,128~2,5,128
5,9,127~8,9,127
3,2,128~3,6,128
6,7,126~8,7,126
0,0,128~1,0,128
3,9,127~4,9,127
7,7,127~7,8,127
0,1,128~2,1,128
1,0,129~5,0,129
1,9,128~3,9,128
4,9,128~6,9,128
8,4,127~8,7,127
6,7,127~6,8,127
2,1,129~4,1,129
5,7,128~7,7,128
4,9,129~5,9,129
6,6,129~6,8,129
7,6,129~7,7,129
2,1,130~4,1,130
5,6,129~5,8,129
6,5,130~6,7,130
6,8,130~7,8,130
7,4,130~7,7,130
